  0.500000000    
  0.499700010    
  0.499400020    
  0.499199986    
  0.498799980    
  0.498399973    
  0.497900009    
  0.497500002    
  0.497300029    
  0.496900022    
  0.496500015    
  0.495999992    
  0.495700002    
  0.495299995    
  0.494899988    
  0.494400024    
  0.494099975    
  0.493900001    
  0.493600011    
  0.493300021    
  0.492999971    
  0.492699981    
  0.492299974    
  0.492100000    
  0.491999984    
  0.491699994    
  0.491400003    
  0.491199970    
  0.490899980    
  0.490499973    
  0.490199983    
  0.489899993    
  0.489499986    
  0.489300013    
  0.489000022    
  0.488600016    
  0.488300025    
  0.488099992    
  0.487699986    
  0.487200022    
  0.486999989    
  0.486800015    
  0.486400008    
  0.486000001    
  0.485599995    
