   9.54999998E-02
   9.57249999E-02
   9.60500017E-02
   9.62999985E-02
   9.66000035E-02
   9.67250019E-02
   9.70249996E-02
   9.73749980E-02
   9.76250023E-02
   9.78249982E-02
   9.80499983E-02
   9.83249992E-02
   9.84999985E-02
   9.88000035E-02
   9.90250036E-02
   9.93499979E-02
   9.94749963E-02
   9.96999964E-02
   9.98499990E-02
  0.100074999    
  0.100299999    
  0.100625001    
  0.100950003    
  0.101199999    
  0.101274997    
  0.101425000    
  0.101599999    
  0.101850003    
  0.102049999    
  0.102399997    
  0.102650002    
  0.102875002    
  0.103349999    
  0.103399999    
  0.103749998    
  0.104199998    
  0.104300000    
  0.104450002    
  0.104975000    
  0.105175003    
  0.105350003    
  0.105499998    
  0.105975002    
  0.106200002    
  0.106500000    
