  0.454425007    
  0.454600006    
  0.454724997    
  0.454825014    
  0.455049992    
  0.455374986    
  0.455725014    
  0.455949992    
  0.456025004    
  0.456349999    
  0.456625015    
  0.456999987    
  0.457199991    
  0.457424998    
  0.457700014    
  0.458025008    
  0.458249986    
  0.458324999    
  0.458550006    
  0.458725005    
  0.458900005    
  0.459024996    
  0.459275007    
  0.459374994    
  0.459450006    
  0.459650010    
  0.459874988    
  0.459950000    
  0.460124999    
  0.460325003    
  0.460500002    
  0.460700005    
  0.460850000    
  0.461025000    
  0.461174995    
  0.461349994    
  0.461549997    
  0.461674988    
  0.461825013    
  0.462199986    
  0.462300003    
  0.462424994    
  0.462574989    
  0.462875009    
  0.463099986    
