  0.450075001    
  0.449674994    
  0.449225008    
  0.448875010    
  0.448350012    
  0.447899997    
  0.447250009    
  0.446675003    
  0.446350008    
  0.445825011    
  0.445324987    
  0.444674999    
  0.444299996    
  0.443774998    
  0.443275005    
  0.442624986    
  0.442274988    
  0.441974998    
  0.441599995    
  0.441199988    
  0.440800011    
  0.440349996    
  0.439774990    
  0.439424992    
  0.439274997    
  0.438924998    
  0.438524991    
  0.438199997    
  0.437824994    
  0.437274992    
  0.436850011    
  0.436425000    
  0.435799986    
  0.435575008    
  0.435075015    
  0.434450001    
  0.434150010    
  0.433874995    
  0.433200002    
  0.432624996    
  0.432350010    
  0.432074994    
  0.431450009    
  0.430925012    
  0.430400014    
