   7942141.6967572952     
   7941336.3362852968     
   7941705.0542080551     
   7939648.8654750148     
   7940010.5074479310     
   7940117.3209785437     
   7938187.5276336782     
   7938313.7442528568     
   7938637.7562236153     
   7938869.4247694369     
   7939085.5974656045     
   7939209.5684568342     
   7941194.3395904703     
   7941562.9882322308     
   7941925.7284601228     
   7941924.6995241456     
   7942301.9510847135     
   7942269.9129564296     
   7942305.7012646301     
   7942623.8346865186     
   7940449.8709621103     
   7940796.8655473553     
   7938857.4076617053     
   7939050.5236283885     
