   833333.34137354791     
   833333.34137354791     
   833333.34137354791     
   833333.34137354791     
   833333.34137354791     
   833333.34137354791     
   833333.34137354791     
   833333.34137354791     
   833333.34137354791     
   833333.34137354791     
   833333.34137354791     
   833333.34137354791     
   833333.34137354791     
   833333.34137354780     
   833333.34137354791     
   833333.34137354791     
   833333.34137354791     
   833333.34137354791     
   833333.34137354791     
   833333.34137354791     
   833333.34137354791     
   833333.34137354791     
   833333.34137354791     
   833333.34137354803     
   833333.34137354791     
   833333.34137354791     
   833333.34137354791     
   833333.34137354791     
   833333.34137354791     
   833333.34137354791     
   833333.34137354791     
   833333.34137354791     
   833333.34137354791     
   833333.34137354791     
   833333.34137354791     
   833333.34137354791     
   833333.34137354791     
   833333.34137354791     
   833333.34137354791     
   833333.34137354791     
   833333.34137354791     
   833333.34137354791     
   833333.34137354791     
   833333.34137354791     
   833333.34137354791     
