   833333.34137354791     
   833333.34137354791     
   833333.34137354791     
   833333.34137354791     
   833333.34137354791     
   833333.34137354791     
   833333.34137354791     
   833333.34137354791     
   833333.34137354791     
   833333.34137354791     
   833333.34137354791     
   833333.34137354791     
   833333.34137354791     
   833333.34137354791     
   833333.34137354791     
   833333.34137354791     
   833333.34137354791     
   833333.34137354791     
   833333.34137354791     
   833333.34137354791     
   833333.34137354791     
   833333.34137354791     
   833333.34137354791     
   833333.34137354791     
   833333.34137354791     
   833333.34137354791     
   833333.34137354791     
   833333.34137354791     
   833333.34137354791     
   833333.34137354791     
   833333.34137354791     
   833333.34137354791     
   833333.34137354791     
   833333.34137354791     
   833333.34137354791     
   833333.34137354791     
   833333.34137354791     
   833333.34137354791     
   833333.34137354791     
   833333.34137354791     
   833333.34137354791     
   833333.34137354791     
   833333.34137354791     
   833333.34137354791     
   833333.34137354791     
