   1.7561075687408447     
   1.7263431549072266     
   1.4937868118286133     
   1.8355675935745239     
   1.5894408226013184     
   1.3753972053527832     
   1.1912201642990112     
   1.0303350687026978     
  0.89162147045135498     
  0.77238559722900391     
  0.66837710142135620     
  0.57838398218154907     
   1.8735110759735107     
   1.6195595264434814     
   1.4012929201126099     
   1.2116101980209351     
   1.0491856336593628     
  0.90760910511016846     
   1.6663919687271118     
   1.4415917396545410     
   1.2475306987762451     
   1.0797878503799438     
  0.93373340368270874     
  0.80836915969848633     
