   16940.4141    
   17285.3379    
   17611.6445    
   17921.8398    
   18236.1250    
   18537.1250    
   18834.7227    
   19120.7090    
   19393.1992    
   19659.7148    
   19919.7422    
   20177.6523    
   20426.8398    
   20665.8984    
   20901.8574    
   21135.1230    
   21356.1172    
   21567.4746    
   21765.4316    
   21965.0566    
   22154.7070    
   22337.6562    
   22522.3613    
   22700.0566    
   22858.8750    
   23026.1387    
   23187.3145    
   23329.3516    
   23481.0938    
   23623.0352    
   23761.4160    
   23899.3340    
   24029.0156    
   24151.3047    
   24266.9766    
   24378.0332    
   24485.0371    
   24592.0703    
   24692.0273    
   24794.8320    
   24881.6191    
   24965.9492    
   25050.1699    
   25134.5508    
   25205.9258    
