  0.500000000    
  0.500299990    
  0.500599980    
  0.500800014    
  0.501200020    
  0.501600027    
  0.502099991    
  0.502499998    
  0.502699971    
  0.503099978    
  0.503499985    
  0.504000008    
  0.504299998    
  0.504700005    
  0.505100012    
  0.505599976    
  0.505900025    
  0.506099999    
  0.506399989    
  0.506699979    
  0.507000029    
  0.507300019    
  0.507700026    
  0.507900000    
  0.508000016    
  0.508300006    
  0.508599997    
  0.508800030    
  0.509100020    
  0.509500027    
  0.509800017    
  0.510100007    
  0.510500014    
  0.510699987    
  0.510999978    
  0.511399984    
  0.511699975    
  0.511900008    
  0.512300014    
  0.512799978    
  0.513000011    
  0.513199985    
  0.513599992    
  0.513999999    
  0.514400005    
