   450.000000    
   450.337494    
   450.674988    
   451.012482    
   451.349823    
   450.210480    
   450.550354    
   450.890564    
   451.230957    
   451.571167    
   451.911530    
   452.252075    
   452.592957    
   451.456940    
   451.800171    
   450.666656    
   451.012543    
   451.358429    
   451.704132    
   452.049835    
   452.395508    
   452.741180    
   453.086853    
   453.432678    
   452.301422    
   452.648895    
   452.996368    
   453.343842    
   453.691132    
   454.038391    
   454.385803    
   454.733215    
   453.603729    
   453.953461    
   452.826080    
   451.700836    
   452.054779    
   452.408722    
   451.285522    
   451.641541    
   450.520905    
   450.879150    
   449.760223    
   450.120514    
   450.480927    
