  0.337500006    
  0.336993217    
  0.336992681    
  0.336992174    
  0.336822510    
  0.339206904    
  0.339372426    
  0.339705527    
  0.339870244    
  0.339698404    
  0.339863092    
  0.340027422    
  0.340359718    
  0.342555344    
  0.342716247    
  0.345056772    
  0.345380813    
  0.345372081    
  0.345196754    
  0.345187843    
  0.345178723    
  0.345169663    
  0.345160395    
  0.345317632    
  0.347314328    
  0.346971273    
  0.346960336    
  0.346949160    
  0.346771687    
  0.346760392    
  0.346915662    
  0.346904099    
  0.349060565    
  0.349212974    
  0.351184249    
  0.353300661    
  0.353448391    
  0.353431821    
  0.355366826    
  0.355512172    
  0.357915103    
  0.357733697    
  0.359631717    
  0.359772503    
