   1868.6799582317472     
   1864.4399583265185     
   1863.0399583578110     
   1861.6399583891034     
   1859.3199584409595     
   1877.2399580404162     
   1876.7199580520391     
   1877.1599580422044     
   1876.6399580538273     
   1874.2799581065774     
   1873.7999581173062     
   1873.2799581289291     
   1873.6799581199884     
   1890.5199577435851     
   1889.9999577552080     
   1907.6799573600292     
   1907.9999573528767     
   1906.5199573859572     
   1904.0799574404955     
   1902.5599574744701     
   1901.0799575075507     
   1899.5599575415254     
   1898.0799575746059     
   1897.4799575880170     
   1913.2399572357535     
   1909.8799573108554     
   1908.3599573448300     
   1906.8399573788047     
   1904.3999574333429     
   1902.8799574673176     
   1902.2799574807286     
   1900.7599575147033     
   1917.3199571445584     
   1916.6799571588635     
   1932.3199568092823     
   1948.7999564409256     
   1948.0799564570189     
   1946.4799564927816     
   1961.9999561458826     
   1961.2799561619759     
   1979.4399557560682     
   1976.8799558132887     
   1992.3199554681778     
   1991.4799554869533     
   1990.6799555048347     
