   622.39998608827591     
   620.99998611956835     
   620.55998612940311     
   620.07998614013195     
   619.27998615801334     
   625.27998602390289     
   625.11998602747917     
   625.23998602479696     
   625.07998602837324     
   624.27998604625463     
   624.11998604983091     
   623.95998605340719     
   624.07998605072498     
   629.71998592466116     
   629.51998592913151     
   635.43998579680920     
   635.51998579502106     
   635.03998580574989     
   634.19998582452536     
   633.71998583525419     
   633.19998584687710     
   632.71998585760593     
   632.19998586922884     
   631.99998587369919     
   637.27998575568199     
   636.15998578071594     
   635.63998579233885     
   635.11998580396175     
   634.31998582184315     
   633.79998583346605     
   633.59998583793640     
   633.11998584866524     
   638.63998572528362     
   638.43998572975397     
   643.63998561352491     
   649.11998549103737     
   648.87998549640179     
   648.35998550802469     
   653.51998539268970     
   653.27998539805412     
   659.31998526304960     
   658.47998528182507     
   663.63998516649008     
   663.35998517274857     
   663.07998517900705     
