   2491.7999443039298     
   2486.1599444299936     
   2484.3199444711208     
   2482.4399445131421     
   2479.3599445819855     
   2503.1999440491199     
   2502.5599440634251     
   2503.1199440509081     
   2502.4399440661073     
   2499.2799441367388     
   2498.6399441510439     
   2497.9599441662431     
   2498.5199441537261     
   2520.9599436521530     
   2520.2399436682463     
   2543.8399431407452     
   2544.2799431309104     
   2542.2399431765079     
   2538.9999432489276     
   2536.9999432936311     
   2534.9999433383346     
   2532.9999433830380     
   2530.9999434277415     
   2530.1999434456229     
   2551.1999429762363     
   2546.7199430763721     
   2544.7199431210756     
   2542.6799431666732     
   2539.4399432390928     
   2537.3999432846904     
   2536.5999433025718     
   2534.5599433481693     
   2556.6799428537488     
   2555.8399428725243     
   2576.6799424067140     
   2598.6399419158697     
   2597.7199419364333     
   2595.5599419847131     
   2616.2399415224791     
   2615.2799415439367     
   2639.4799410030246     
   2636.0799410790205     
   2656.6399406194687     
   2655.5599406436086     
   2654.4799406677485     
