   1361.8471405603436     
   1358.6862926309941     
   1357.7271956524316     
   1356.7304826747099     
   1354.9356317148279     
   1367.6746654300885     
   1367.0566854439012     
   1367.2999004384651     
   1366.9910454453684     
   1364.9830944902496     
   1364.4304015026032     
   1363.7623905175344     
   1363.9095895142443     
   1376.0860012420803     
   1375.4877892554514     
   1388.1647389720995     
   1388.1799619717592     
   1387.1501819947766     
   1385.1732570389643     
   1384.0029230651232     
   1382.8320130912953     
   1381.7886381146166     
   1380.5862061414930     
   1380.1813581505419     
   1391.6095458951020     
   1389.0060679532944     
   1387.7220349819947     
   1386.6726590054500     
   1384.8102410470783     
   1383.6655660726638     
   1383.1657770838351     
   1381.9603961107773     
   1394.1181468390305     
   1393.4685168535509     
   1404.8653195988124     
   1416.9059283296838     
   1416.1916603456489     
   1414.9668233730263     
   1426.3900361176975     
   1425.5068181374390     
   1438.6837058429126     
   1436.7644478858113     
   1448.1071286322826     
   1447.2517186514026     
   1446.5631076667942     
