   214150.13001288884     
   214632.91613530341     
   214785.09881400436     
   214951.36259841151     
   215229.04166126420     
   213163.76810395237     
   213218.32755316678     
   213177.40534830868     
   213231.97177969370     
   213505.22348939124     
   213559.95789277166     
   213614.72036660707     
   213573.64587878363     
   211660.80308713327     
   211728.04822727921     
   209755.50944232117     
   209729.10517368809     
   209887.63057435892     
   210165.62743615935     
   210324.81367161387     
   210497.53777643899     
   210657.22739922500     
   210830.49813355366     
   210897.21664561646     
   209149.88846349510     
   209518.11009801170     
   209689.51123282639     
   209861.19303430271     
   210125.86852070363     
   210298.26588824054     
   210364.64791669435     
   210524.13589846634     
   208704.49849688256     
   208769.87801514112     
   207083.21564854428     
   205334.97800101587     
   205410.92485520020     
   205575.66925776729     
   203952.50477410198     
   204027.43221900251     
   202158.34635686711     
   202416.23271785586     
   200842.38581166961     
   200927.16009413055     
   201012.00597204443     
