   9.7884878680952123E-002
   9.8112594736222997E-002
   9.8181899445811821E-002
   9.8254026557780427E-002
   9.8384177055491948E-002
   9.7467783026376473E-002
   9.7511836425756337E-002
   9.7494486951143391E-002
   9.7516513656350889E-002
   9.7659958009809825E-002
   9.7699511771072958E-002
   9.7747360160519783E-002
   9.7736806813621221E-002
   9.6871970323244030E-002
   9.6914095273144499E-002
   9.6029053422465843E-002
   9.6027995697615678E-002
   9.6099283047549222E-002
   9.6236431742979384E-002
   9.6317807461576740E-002
   9.6399361075581613E-002
   9.6472149398024620E-002
   9.6556167863685399E-002
   9.6584489104530158E-002
   9.5791315686440434E-002
   9.5970857726623240E-002
   9.6059653229759984E-002
   9.6132346191177331E-002
   9.6261630314723901E-002
   9.6341261881324594E-002
   9.6376070337347020E-002
   9.6460128156210634E-002
   9.5618921840176743E-002
   9.5663495298220935E-002
   9.4887434241010635E-002
   9.4081095505697432E-002
   9.4128541998474036E-002
   9.4210020120214816E-002
   9.3455539452625483E-002
   9.3513435219432589E-002
   9.2656945053383552E-002
   9.2780715724359725E-002
   9.2053984383727236E-002
   9.2108387847062115E-002
   9.2152230428326071E-002
