   133317902.14011261     
   133317902.14011261     
   133317902.14011261     
   133317902.14011259     
   133317902.14011259     
   133317902.14011259     
   133317902.14011262     
   133317902.14011261     
   133317902.14011259     
   133317902.14011259     
   133317902.14011259     
   133317902.14011262     
   133317902.14011259     
   133317902.14011262     
   133317902.14011259     
   133317902.14011261     
   133317902.14011259     
   133317902.14011261     
   133317902.14011261     
   133317902.14011262     
   133317902.14011259     
   133317902.14011261     
   133317902.14011259     
   133317902.14011261     
   133317902.14011259     
   133317902.14011261     
   133317902.14011261     
   133317902.14011262     
   133317902.14011261     
   133317902.14011259     
   133317902.14011261     
   133317902.14011261     
   133317902.14011261     
   133317902.14011262     
   133317902.14011262     
   133317902.14011261     
   133317902.14011262     
   133317902.14011261     
   133317902.14011259     
   133317902.14011262     
   133317902.14011261     
   133317902.14011262     
   133317902.14011261     
   133317902.14011261     
   133317902.14011261     
