   53504.199020793189     
   53625.576439170087     
   53665.293971786625     
   53705.935740647285     
   53772.652265101555     
   53260.531767338478     
   53274.152515826681     
   53262.233979997618     
   53276.707181788886     
   53344.068339677942     
   53357.731854131685     
   53372.257009716748     
   53360.294542371659     
   52885.314768972370     
   52900.423419989806     
   52409.649632056928     
   52400.586067566808     
   52442.634495558712     
   52509.556171717508     
   52550.951170675631     
   52592.411487182915     
   52633.937275954995     
   52675.528692215717     
   52692.183669271311     
   52258.452148011405     
   52350.381321854955     
   52391.525637395745     
   52433.559519879396     
   52500.458022238607     
   52542.666950425599     
   52559.238003632112     
   52601.541537784105     
   52146.441134599947     
   52163.579535491845     
   51741.684306940617     
   51304.437367237668     
   51322.607178600410     
   51365.317357331667     
   50959.301562547691     
   50978.007372058499     
   50510.616909387041     
   50575.765196802568     
   50184.354342332052     
   50204.764012107218     
   50225.190289618913     
