   133321760.14002638     
   133321760.14002638     
   133321760.14002638     
   133321760.14002638     
   133321760.14002638     
   133321760.14002638     
   133321760.14002638     
   133321760.14002638     
   133321760.14002638     
   133321760.14002638     
   133321760.14002638     
   133321760.14002638     
   133321760.14002638     
   133321760.14002638     
   133321760.14002638     
   133321760.14002638     
   133321760.14002638     
   133321760.14002638     
   133321760.14002638     
   133321760.14002638     
   133321760.14002638     
   133321760.14002638     
   133321760.14002638     
   133321760.14002638     
   133321760.14002638     
   133321760.14002638     
   133321760.14002638     
   133321760.14002638     
   133321760.14002638     
   133321760.14002638     
   133321760.14002638     
   133321760.14002638     
   133321760.14002638     
   133321760.14002636     
   133321760.14002639     
   133321760.14002636     
   133321760.14002638     
   133321760.14002636     
   133321760.14002636     
   133321760.14002638     
   133321760.14002638     
   133321760.14002636     
   133321760.14002638     
   133321760.14002638     
   133321760.14002638     
