   133304245.11533286     
   133304240.58214797     
   133304237.97797303     
   133304235.85605307     
   133304230.06900820     
   133304220.52039340     
   133304210.87532364     
   133304205.28117876     
   133304203.93086380     
   133304194.67159900     
   133304187.05199416     
   133304176.53886941     
   133304171.04117952     
   133304165.25413464     
   133304157.63452983     
   133304148.85751501     
   133304142.39532016     
   133304140.94855520     
   133304134.58281033     
   133304130.04962544     
   133304125.51644056     
   133304122.91226560     
   133304116.45006575     
   133304114.32814580     
   133304112.30268084     
   133304106.70854096     
   133304100.43924609     
   133304099.08893113     
   133304094.45929624     
   133304089.63675635     
   133304085.20002143     
   133304079.89523157     
   133304077.09815161     
   133304071.88981675     
   133304068.61048682     
   133304064.94535190     
   133304059.15831201     
   133304055.87898709     
   133304053.27480716     
   133304042.47233240     
   133304040.06106246     
   133304036.78173752     
   133304033.98465759     
   133304025.59344777     
   133304019.80640291     
