   11.895246904009824     
   11.932668935081082     
   11.953091369247279     
   11.971671545442023     
   12.001173283219817     
   11.897955352977919     
   11.918296677091490     
   11.931348595080800     
   11.943092403925938     
   11.972479307429554     
   11.988994436241603     
   12.009598041637549     
   12.017423243235632     
   11.923880518682513     
   11.941122792131251     
   11.847247073839094     
   11.855130019427284     
   11.872143818901460     
   11.897963509746340     
   11.917770493631792     
   11.938381225977711     
   11.959647291882877     
   11.985134337647301     
   11.998476227206945     
   11.903129501081049     
   11.933594013670428     
   11.954250683132456     
   11.972911514964782     
   11.998279479284168     
   12.023227138999516     
   12.038723126742266     
   12.059582740360105     
   11.972493029880827     
   11.982430007182524     
   11.899282632221128     
   11.815800322304977     
   11.828338411562836     
   11.845328104740265     
   11.770112233039127     
   11.790085652643890     
   11.689507711163820     
   11.711869045759178     
   11.637639692413350     
   11.656736096428064     
   11.675883246517451     
