   133287037.94080248     
   133287037.94080247     
   133287037.94080248     
   133287037.94080248     
   133287037.94080248     
   133287037.94080248     
   133287037.94080247     
   133287037.94080247     
   133287037.94080248     
   133287037.94080247     
   133287037.94080248     
   133287037.94080247     
   133287037.94080247     
   133287037.94080247     
   133287037.94080248     
   133287037.94080248     
   133287037.94080247     
   133287037.94080248     
   133287037.94080248     
   133287037.94080248     
   133287037.94080247     
   133287037.94080247     
   133287037.94080248     
   133287037.94080248     
   133287037.94080247     
   133287037.94080247     
   133287037.94080247     
   133287037.94080247     
   133287037.94080248     
   133287037.94080248     
   133287037.94080247     
   133287037.94080247     
   133287037.94080248     
   133287037.94080247     
   133287037.94080248     
   133287037.94080247     
   133287037.94080247     
   133287037.94080247     
   133287037.94080248     
   133287037.94080247     
   133287037.94080247     
   133287037.94080248     
   133287037.94080248     
   133287037.94080248     
   133287037.94080248     
