   52.242794660278506     
   52.247787852052049     
   52.245545689946724     
   52.258230638372503     
   52.256016078244897     
   52.255363261994141     
   52.267081662902100     
   52.266314406151686     
   52.264343406508132     
   52.262927274931819     
   52.261601955494868     
   52.260839498081566     
   52.248661942198922     
   52.246420229720819     
   52.244189863959917     
   52.244196124971516     
   52.241876484878127     
   52.242064507153998     
   52.241725029585325     
   52.239773108763856     
   52.252991964286629     
   52.250878007805596     
   52.262660604224259     
   52.261477324116548     
