   159.98611062444090     
   159.98611062444078     
   159.98611062444061     
   159.98611062444047     
   159.98611062444033     
   159.98611062444027     
   159.98611062444013     
   159.98611062443993     
   159.98611062443982     
   159.98611062443973     
   159.98611062443962     
   159.98611062443948     
   159.98611062443939     
   159.98611062443925     
   159.98611062443914     
   159.98611062443899     
   159.98611062443894     
   159.98611062443882     
   159.98611062443874     
   159.98611062443865     
   159.98611062443854     
   159.98611062443840     
   159.98611062443823     
   159.98611062443811     
   159.98611062443808     
   159.98611062443803     
   159.98611062443794     
   159.98611062443783     
   159.98611062443774     
   159.98611062443757     
   159.98611062443746     
   159.98611062443737     
   159.98611062443715     
   159.98611062443712     
   159.98611062443698     
   159.98611062443678     
   159.98611062443675     
   159.98611062443666     
   159.98611062443644     
   159.98611062443635     
   159.98611062443629     
   159.98611062443621     
   159.98611062443601     
   159.98611062443592     
   159.98611062443581     
