   159.98148102456170     
   159.98148102456173     
   159.98148102456176     
   159.98148102456179     
   159.98148102456182     
   159.98148102456184     
   159.98148102456190     
   159.98148102456196     
   159.98148102456196     
   159.98148102456202     
   159.98148102456204     
   159.98148102456210     
   159.98148102456213     
   159.98148102456216     
   159.98148102456219     
   159.98148102456224     
   159.98148102456227     
   159.98148102456230     
   159.98148102456233     
   159.98148102456236     
   159.98148102456238     
   159.98148102456241     
   159.98148102456244     
   159.98148102456247     
   159.98148102456250     
   159.98148102456253     
   159.98148102456256     
   159.98148102456256     
   159.98148102456258     
   159.98148102456264     
   159.98148102456267     
   159.98148102456270     
   159.98148102456275     
   159.98148102456275     
   159.98148102456281     
   159.98148102456284     
   159.98148102456287     
   159.98148102456290     
   159.98148102456295     
   159.98148102456298     
   159.98148102456301     
   159.98148102456304     
   159.98148102456310     
   159.98148102456312     
   159.98148102456315     
