   159.94444398581129     
   159.94444398581129     
   159.94444398581129     
   159.94444398581129     
   159.94444398581129     
   159.94444398581129     
   159.94444398581132     
   159.94444398581132     
   159.94444398581132     
   159.94444398581132     
   159.94444398581132     
   159.94444398581135     
   159.94444398581135     
   159.94444398581135     
   159.94444398581135     
   159.94444398581135     
   159.94444398581135     
   159.94444398581135     
   159.94444398581138     
   159.94444398581138     
   159.94444398581138     
   159.94444398581138     
   159.94444398581138     
   159.94444398581138     
   159.94444398581138     
   159.94444398581138     
   159.94444398581138     
   159.94444398581138     
   159.94444398581140     
   159.94444398581140     
   159.94444398581140     
   159.94444398581140     
   159.94444398581140     
   159.94444398581140     
   159.94444398581140     
   159.94444398581140     
   159.94444398581140     
   159.94444398581143     
   159.94444398581143     
   159.94444398581143     
   159.94444398581143     
   159.94444398581143     
   159.94444398581143     
   159.94444398581143     
   159.94444398581143     
